service_id,monday,tuesday,wednesday,thursday,friday,saturday,sunday,start_date,end_date
T0,1,1,1,1,1,0,0,20211212,20221210
T0+00000,1,1,1,1,1,0,0,20211212,20221210
T0+01000,1,1,1,1,1,0,0,20211212,20221210
T0+05000,1,1,1,1,1,0,0,20211212,20221210
T0+06000,1,1,1,1,1,0,0,20211212,20221210
T0+07000,1,1,1,1,1,0,0,20211212,20221210
T0+0b000,0,0,1,0,0,0,0,20211212,20221210
T0+0c000,1,1,1,1,1,0,0,20211212,20221210
T0+0d000,1,1,1,1,1,0,0,20211212,20221210
T0+0f000,1,1,1,1,1,0,0,20211212,20221210
T0+0i000,0,0,0,1,1,0,0,20211212,20221210
T0+0S,1,1,1,1,0,0,0,20211212,20221210
T0+10000,0,0,0,0,1,0,0,20211212,20221210
T0+1a000,1,1,1,1,1,0,0,20211212,20221210
T0+1B,1,1,1,1,1,0,0,20211212,20221210
T0+1D,1,1,1,1,1,0,0,20211212,20221210
T0+1e000,1,1,1,1,1,0,0,20211212,20221210
T0+1I,1,1,1,1,1,0,0,20211212,20221210
T0+20000,1,1,1,1,1,0,0,20211212,20221210
T0+26000,1,1,1,1,1,0,0,20211212,20221210
T0+28000,1,1,1,1,1,0,0,20211212,20221210
T0+2c000,1,1,1,1,1,0,0,20211212,20221210
T0+2e000,1,0,0,0,1,0,0,20211212,20221210
T0+2H,0,1,1,1,0,0,0,20211212,20221210
T0+2I,0,0,0,0,1,0,0,20211212,20221210
T0+36000,1,1,1,1,1,0,0,20211212,20221210
T0+38000,1,1,1,1,1,0,0,20211212,20221210
T0+39000,1,1,1,1,1,0,0,20211212,20221210
T0+3A,1,1,1,1,1,0,0,20211212,20221210
T0+3C,1,1,1,1,1,0,0,20211212,20221210
T0+3c000,1,1,1,1,1,0,0,20211212,20221210
T0+3D,1,1,1,1,1,0,0,20211212,20221210
T0+3g,0,0,0,0,1,0,0,20211212,20221210
T0+3s,0,0,0,0,1,0,0,20211212,20221210
T0+3T,0,0,0,0,1,0,0,20211212,20221210
T0+3u,1,1,1,1,1,0,0,20211212,20221210
T0+3v,0,0,0,0,1,0,0,20211212,20221210
T0+3w,1,1,1,1,1,0,0,20211212,20221210
T0+3x,1,1,1,1,1,0,0,20211212,20221210
T0+3y,1,1,1,1,1,0,0,20211212,20221210
T0+48000,1,1,1,1,1,0,0,20211212,20221210
T0+4a000,1,1,1,1,1,0,0,20211212,20221210
T0+4f000,1,1,1,1,1,0,0,20211212,20221210
T0+4g000,1,1,1,1,1,0,0,20211212,20221210
T0+4J,1,1,1,1,1,0,0,20211212,20221210
T0+4u,1,1,1,1,1,0,0,20211212,20221210
T0+52000,1,1,1,1,1,0,0,20211212,20221210
T0+53000,1,1,1,1,1,0,0,20211212,20221210
T0+56000,1,1,1,1,1,0,0,20211212,20221210
T0+60000,1,1,1,1,1,0,0,20211212,20221210
T0+64000,0,0,0,0,1,0,0,20211212,20221210
T0+67000,1,1,1,1,1,0,0,20211212,20221210
T0+68000,1,1,1,1,1,0,0,20211212,20221210
T0+6a000,1,1,1,1,1,0,0,20211212,20221210
T0+6c000,1,1,1,1,1,0,0,20211212,20221210
T0+6e000,1,1,1,1,1,0,0,20211212,20221210
T0+6g,1,1,1,1,1,0,0,20211212,20221210
T0+6O,1,1,1,1,0,0,0,20211212,20221210
T0+70000,1,1,1,1,1,0,0,20211212,20221210
T0+79000,1,1,1,1,1,0,0,20211212,20221210
T0+7a,1,1,1,1,1,0,0,20211212,20221210
T0+7b,1,1,1,1,1,0,0,20211212,20221210
T0+7c,1,1,1,1,1,0,0,20211212,20221210
T0+7c000,1,1,1,1,1,0,0,20211212,20221210
T0+80000,1,1,1,1,1,0,0,20211212,20221210
T0+81000,1,1,1,1,1,0,0,20211212,20221210
T0+89000,1,1,1,1,1,0,0,20211212,20221210
T0+8a000,1,1,1,1,1,0,0,20211212,20221210
T0+8N,1,1,1,1,1,0,0,20211212,20221210
T0+8Q,1,1,1,1,1,0,0,20211212,20221210
T0+90000,1,1,1,1,1,0,0,20211212,20221210
T0+94000,1,1,1,1,1,0,0,20211212,20221210
T0+95000,1,1,1,1,1,0,0,20211212,20221210
T0+97000,1,1,1,1,1,0,0,20211212,20221210
T0+9a000,1,1,1,1,0,0,0,20211212,20221210
T0+9c000,1,1,1,1,1,0,0,20211212,20221210
T0+9D,0,0,0,0,1,0,0,20211212,20221210
T0+9d000,1,1,1,1,1,0,0,20211212,20221210
T0+9e000,1,1,1,1,1,0,0,20211212,20221210
T0+9F,1,1,1,1,1,0,0,20211212,20221210
T0+9G,1,1,1,1,1,0,0,20211212,20221210
T0+9M,1,1,1,1,1,0,0,20211212,20221210
T0+9o,0,1,1,1,1,0,0,20211212,20221210
T0+9R,1,1,1,1,1,0,0,20211212,20221210
T0+9T,1,1,1,1,1,0,0,20211212,20221210
T0+9v,0,0,0,0,1,0,0,20211212,20221210
T0+a0000,1,1,1,1,1,0,0,20211212,20221210
T0+a4000,1,1,1,1,1,0,0,20211212,20221210
T0+a8000,1,1,1,1,1,0,0,20211212,20221210
T0+a9000,1,1,1,1,1,0,0,20211212,20221210
T0+ba000,1,1,1,1,1,0,0,20211212,20221210
T0+bb000,1,1,1,1,1,0,0,20211212,20221210
T0+c0000,1,1,1,1,1,0,0,20211212,20221210
T0+c1000,1,1,1,1,1,0,0,20211212,20221210
T0+c6000,1,1,1,1,0,0,0,20211212,20221210
T0+c9000,1,1,1,1,1,0,0,20211212,20221210
T0+ca000,1,1,1,1,1,0,0,20211212,20221210
T0+cf000,1,1,1,1,1,0,0,20211212,20221210
T0+d6000,1,1,1,1,1,0,0,20211212,20221210
T0+d8000,1,1,1,1,1,0,0,20211212,20221210
T0+d9000,1,1,1,1,1,0,0,20211212,20221210
T0+da000,1,1,1,1,1,0,0,20211212,20221210
T0+dc000,1,1,1,1,1,0,0,20211212,20221210
T0+df000,0,0,0,1,1,0,0,20211212,20221210
T0+dg000,1,1,1,1,0,0,0,20211212,20221210
T0+ee000,1,1,1,1,1,0,0,20211212,20221210
T0+f1000,0,0,1,0,1,0,0,20211212,20221210
T0+f9000,1,1,1,1,1,0,0,20211212,20221210
T0+fb000,1,1,1,1,1,0,0,20211212,20221210
T0+fc000,1,1,1,1,1,0,0,20211212,20221210
T0+g6000,1,1,1,1,1,0,0,20211212,20221210
T0+g8000,1,1,1,1,1,0,0,20211212,20221210
T0+g9000,1,1,1,1,1,0,0,20211212,20221210
T0+ga000,1,1,1,1,1,0,0,20211212,20221210
T0+gb000,1,1,1,1,1,0,0,20211212,20221210
T0+gd000,1,1,1,1,1,0,0,20211212,20221210
T0+gf000,1,1,1,1,0,0,0,20211212,20221210
T0+h5000,1,1,1,1,1,0,0,20211212,20221210
T0+h7000,1,1,1,1,1,0,0,20211212,20221210
T0+hc000,1,1,1,1,1,0,0,20211212,20221210
T0+he000,1,1,1,1,1,0,0,20211212,20221210
T0+hf000,1,1,1,1,1,0,0,20211212,20221210
T0+i2000,1,1,1,1,0,0,0,20211212,20221210
T0+i7000,1,1,1,1,1,0,0,20211212,20221210
T0+i8000,1,0,1,1,1,0,0,20211212,20221210
T0+i9000,1,1,1,1,1,0,0,20211212,20221210
T0+ia000,1,1,1,1,1,0,0,20211212,20221210
T0+ib000,0,0,0,0,1,0,0,20211212,20221210
T0+j1000,1,1,1,1,1,0,0,20211212,20221210
T0+j5000,1,1,1,1,1,0,0,20211212,20221210
T0+j8000,1,1,1,1,1,0,0,20211212,20221210
T0+j9000,1,1,1,1,1,0,0,20211212,20221210
T0+ja000,1,1,1,1,1,0,0,20211212,20221210
T0+l1000,1,1,1,1,1,0,0,20211212,20221210
T0+l6000,1,1,1,1,1,0,0,20211212,20221210
T0+la000,1,1,1,1,1,0,0,20211212,20221210
T0+lb000,1,1,1,1,1,0,0,20211212,20221210
T0+lc000,1,1,1,1,1,0,0,20211212,20221210
T0+ld000,1,0,0,0,1,0,0,20211212,20221210
T0+le000,1,1,1,1,1,0,0,20211212,20221210
T0+lf000,1,1,1,1,1,0,0,20211212,20221210
T0+m1000,1,1,1,1,1,0,0,20211212,20221210
T0+md000,1,1,1,1,0,0,0,20211212,20221210
T0+mg000,0,0,0,0,1,0,0,20211212,20221210
T0+n1000,1,1,1,1,1,0,0,20211212,20221210
T0+n2000,0,0,0,0,1,0,0,20211212,20221210
T0+n9000,1,1,1,1,1,0,0,20211212,20221210
T0+nd000,1,1,1,1,1,0,0,20211212,20221210
T0+ng000,0,0,0,0,1,0,0,20211212,20221210
T0+o9000,1,1,1,1,1,0,0,20211212,20221210
T0+oa000,1,1,1,1,1,0,0,20211212,20221210
T0+of000,0,0,0,0,1,0,0,20211212,20221210
T0+p1000,1,1,1,1,1,0,0,20211212,20221210
T0+p2000,0,0,1,0,1,0,0,20211212,20221210
T0+p9000,1,1,1,1,1,0,0,20211212,20221210
T0+pa000,0,0,1,0,1,0,0,20211212,20221210
T0+pb000,1,1,1,1,1,0,0,20211212,20221210
T0+q7000,1,1,1,1,1,0,0,20211212,20221210
T0+q8000,1,1,1,1,1,0,0,20211212,20221210
T0+qa000,0,0,0,0,1,0,0,20211212,20221210
T0+qb000,1,1,1,1,1,0,0,20211212,20221210
T0+r9000,0,0,0,0,1,0,0,20211212,20221210
T0+rf000,1,1,1,1,1,0,0,20211212,20221210
T0+s,1,1,1,1,1,0,0,20211212,20221210
T0+s6000,1,1,1,1,1,0,0,20211212,20221210
T0+sb000,1,1,1,1,1,0,0,20211212,20221210
T0+sd000,1,1,1,1,1,0,0,20211212,20221210
T0+sf,1,1,1,1,1,0,0,20211212,20221210
T0+sf000,0,0,0,1,0,0,0,20211212,20221210
T0+t5000,1,1,1,1,1,0,0,20211212,20221210
T0+t9000,1,1,1,1,1,0,0,20211212,20221210
T0+tc000,1,1,1,1,1,0,0,20211212,20221210
T0+u2000,1,1,1,1,1,0,0,20211212,20221210
T0+u8000,1,1,1,1,1,0,0,20211212,20221210
T0+ub000,1,1,1,1,1,0,0,20211212,20221210
T0+ud000,1,1,1,1,0,0,0,20211212,20221210
T0+ue000,1,1,1,1,1,0,0,20211212,20221210
T0+v8000,1,1,1,1,1,0,0,20211212,20221210
T0+v9000,1,1,1,1,1,0,0,20211212,20221210
T0+vb000,1,1,1,1,1,0,0,20211212,20221210
T0+vc000,1,1,1,1,1,0,0,20211212,20221210
T0+w7000,1,1,1,1,0,0,0,20211212,20221210
T0+wa000,1,1,1,1,1,0,0,20211212,20221210
T0+wf000,0,0,0,0,1,0,0,20211212,20221210
T0+x7000,1,1,1,1,1,0,0,20211212,20221210
T0+x8000,1,1,1,1,1,0,0,20211212,20221210
T0+x9000,1,1,1,1,1,0,0,20211212,20221210
T0+xe000,1,1,1,1,1,0,0,20211212,20221210
T0+y5000,1,1,1,1,1,0,0,20211212,20221210
T0+yb000,1,1,1,1,1,0,0,20211212,20221210
T0+z5000,1,1,1,1,1,0,0,20211212,20221210
T0+z7000,1,1,1,1,1,0,0,20211212,20221210
T0+z8000,1,1,1,1,1,0,0,20211212,20221210
T0+za000,1,1,1,1,1,0,0,20211212,20221210
T0+zd000,0,0,0,0,1,0,0,20211212,20221210
T0+ze000,1,0,0,0,1,0,0,20211212,20221210
T2,0,0,0,0,0,1,0,20211212,20221210
T2+03000,0,0,0,0,0,1,0,20211212,20221210
T2+04000,0,0,0,0,0,1,0,20211212,20221210
T2+0A,0,0,0,0,0,1,0,20211212,20221210
T2+0J,0,0,0,0,0,1,0,20211212,20221210
T2+19000,0,0,0,0,0,1,0,20211212,20221210
T2+1b000,0,0,0,0,0,1,0,20211212,20221210
T2+1f000,0,0,0,0,0,1,0,20211212,20221210
T2+1O,0,0,0,0,0,1,0,20211212,20221210
T2+23000,0,0,0,0,0,1,0,20211212,20221210
T2+25000,0,0,0,0,0,1,0,20211212,20221210
T2+2b000,0,0,0,0,0,1,0,20211212,20221210
T2+2E,0,0,0,0,0,1,0,20211212,20221210
T2+2h000,0,0,0,0,0,1,0,20211212,20221210
T2+31000,0,0,0,0,0,1,0,20211212,20221210
T2+3d000,0,0,0,0,0,1,0,20211212,20221210
T2+3P,0,0,0,0,0,1,0,20211212,20221210
T2+3Z,0,0,0,0,0,1,0,20211212,20221210
T2+47000,0,0,0,0,0,1,0,20211212,20221210
T2+4G,0,0,0,0,0,1,0,20211212,20221210
T2+51000,0,0,0,0,0,1,0,20211212,20221210
T2+57000,0,0,0,0,0,1,0,20211212,20221210
T2+5b000,0,0,0,0,0,1,0,20211212,20221210
T2+5Q,0,0,0,0,0,1,0,20211212,20221210
T2+5T,0,0,0,0,0,1,0,20211212,20221210
T2+5V,0,0,0,0,0,1,0,20211212,20221210
T2+63000,0,0,0,0,0,1,0,20211212,20221210
T2+69000,0,0,0,0,0,1,0,20211212,20221210
T2+6b000,0,0,0,0,0,1,0,20211212,20221210
T2+6l,0,0,0,0,0,1,0,20211212,20221210
T2+7b000,0,0,0,0,0,1,0,20211212,20221210
T2+7f000,0,0,0,0,0,1,0,20211212,20221210
T2+8d000,0,0,0,0,0,1,0,20211212,20221210
T2+8R,0,0,0,0,0,1,0,20211212,20221210
T2+8S,0,0,0,0,0,1,0,20211212,20221210
T2+8Y,0,0,0,0,0,1,0,20211212,20221210
T2+9h,0,0,0,0,0,1,0,20211212,20221210
T2+9H,0,0,0,0,0,1,0,20211212,20221210
T2+9i,0,0,0,0,0,1,0,20211212,20221210
T2+9I,0,0,0,0,0,1,0,20211212,20221210
T2+9J,0,0,0,0,0,1,0,20211212,20221210
T2+9k,0,0,0,0,0,1,0,20211212,20221210
T2+9n,0,0,0,0,0,1,0,20211212,20221210
T2+9S,0,0,0,0,0,1,0,20211212,20221210
T2+a3000,0,0,0,0,0,1,0,20211212,20221210
T2+ac000,0,0,0,0,0,1,0,20211212,20221210
T2+b3000,0,0,0,0,0,1,0,20211212,20221210
T2+b8000,0,0,0,0,0,1,0,20211212,20221210
T2+bc000,0,0,0,0,0,1,0,20211212,20221210
T2+bg000,0,0,0,0,0,1,0,20211212,20221210
T2+cb000,0,0,0,0,0,1,0,20211212,20221210
T2+de000,0,0,0,0,0,1,0,20211212,20221210
T2+ec000,0,0,0,0,0,1,0,20211212,20221210
T2+f7000,0,0,0,0,0,1,0,20211212,20221210
T2+g3000,0,0,0,0,0,1,0,20211212,20221210
T2+h8000,0,0,0,0,0,1,0,20211212,20221210
T2+i0000,0,0,0,0,0,1,0,20211212,20221210
T2+i1000,0,0,0,0,0,1,0,20211212,20221210
T2+i5000,0,0,0,0,0,1,0,20211212,20221210
T2+ic000,0,0,0,0,0,1,0,20211212,20221210
T2+k4000,0,0,0,0,0,1,0,20211212,20221210
T2+k7000,0,0,0,0,0,1,0,20211212,20221210
T2+kb000,0,0,0,0,0,1,0,20211212,20221210
T2+kc000,0,0,0,0,0,1,0,20211212,20221210
T2+kf000,0,0,0,0,0,1,0,20211212,20221210
T2+l0000,0,0,0,0,0,1,0,20211212,20221210
T2+m0000,0,0,0,0,0,1,0,20211212,20221210
T2+m6000,0,0,0,0,0,1,0,20211212,20221210
T2+m8000,0,0,0,0,0,1,0,20211212,20221210
T2+mc000,0,0,0,0,0,1,0,20211212,20221210
T2+me000,0,0,0,0,0,1,0,20211212,20221210
T2+n5000,0,0,0,0,0,1,0,20211212,20221210
T2+n6000,0,0,0,0,0,1,0,20211212,20221210
T2+n8000,0,0,0,0,0,1,0,20211212,20221210
T2+nm000,0,0,0,0,0,1,0,20211212,20221210
T2+o5000,0,0,0,0,0,1,0,20211212,20221210
T2+pf000,0,0,0,0,0,1,0,20211212,20221210
T2+q2000,0,0,0,0,0,1,0,20211212,20221210
T2+q4000,0,0,0,0,0,1,0,20211212,20221210
T2+q6000,0,0,0,0,0,1,0,20211212,20221210
T2+r7000,0,0,0,0,0,1,0,20211212,20221210
T2+r8000,0,0,0,0,0,1,0,20211212,20221210
T2+ra000,0,0,0,0,0,1,0,20211212,20221210
T2+rb000,0,0,0,0,0,1,0,20211212,20221210
T2+rc000,0,0,0,0,0,1,0,20211212,20221210
T2+s5000,0,0,0,0,0,1,0,20211212,20221210
T2+se000,0,0,0,0,0,1,0,20211212,20221210
T2+tf000,0,0,0,0,0,1,0,20211212,20221210
T2+u6000,0,0,0,0,0,1,0,20211212,20221210
T2+v6000,0,0,0,0,0,1,0,20211212,20221210
T2+va000,0,0,0,0,0,1,0,20211212,20221210
T2+xd000,0,0,0,0,0,1,0,20211212,20221210
T2+y7000,0,0,0,0,0,1,0,20211212,20221210
T2+y9000,0,0,0,0,0,1,0,20211212,20221210
T2+ya000,0,0,0,0,0,1,0,20211212,20221210
T2+yd000,0,0,0,0,0,1,0,20211212,20221210
T2+zb000,0,0,0,0,0,1,0,20211212,20221210
T3,0,0,0,0,0,0,1,20211212,20221210
T3+0V,0,0,0,0,0,0,1,20211212,20221210
T3+12000,1,0,0,0,0,0,1,20211212,20221210
T3+1U,1,0,0,0,1,0,0,20211212,20221210
T3+2d000,0,0,0,0,0,0,1,20211212,20221210
T3+2K,0,0,0,0,0,0,1,20211212,20221210
T3+3B,0,0,0,0,0,0,1,20211212,20221210
T3+3F,0,0,0,0,0,0,1,20211212,20221210
T3+4d000,0,0,0,0,0,0,1,20211212,20221210
T3+50000,0,0,0,0,0,0,1,20211212,20221210
T3+5d000,0,0,0,0,0,0,1,20211212,20221210
T3+5g000,0,0,0,0,0,0,1,20211212,20221210
T3+6g000,1,0,0,0,0,0,1,20211212,20221210
T3+7a000,0,0,0,0,0,0,1,20211212,20221210
T3+7D,0,0,0,0,0,0,1,20211212,20221210
T3+87000,0,0,0,0,0,0,1,20211212,20221210
T3+8f000,0,0,0,0,0,0,1,20211212,20221210
T3+8T,1,0,0,0,0,0,1,20211212,20221210
T3+8U,1,0,0,0,1,0,1,20211212,20221210
T3+92000,0,0,0,0,0,0,1,20211212,20221210
T3+9b000,1,1,0,0,0,0,1,20211212,20221210
T3+9E,0,0,0,1,0,0,1,20211212,20221210
T3+9K,1,1,0,0,0,0,1,20211212,20221210
T3+9m,0,0,0,1,0,1,1,20211212,20221210
T3+9N,1,0,0,0,0,0,0,20211212,20221210
T3+9W,0,0,0,0,0,0,1,20211212,20221210
T3+9x,0,0,0,0,1,0,0,20211212,20221210
T3+9Y,0,0,0,1,0,0,1,20211212,20221210
T3+a1000,0,0,0,1,0,0,1,20211212,20221210
T3+a2000,1,0,0,0,1,0,1,20211212,20221210
T3+a7000,0,0,0,0,0,0,1,20211212,20221210
T3+ad000,0,0,0,0,0,0,1,20211212,20221210
T3+b7000,0,0,0,0,0,0,1,20211212,20221210
T3+bd000,0,0,0,0,0,0,1,20211212,20221210
T3+c8000,0,0,0,0,0,0,1,20211212,20221210
T3+cd000,0,0,0,0,0,0,1,20211212,20221210
T3+db000,0,0,0,0,0,0,1,20211212,20221210
T3+eb000,0,0,0,0,0,0,1,20211212,20221210
T3+ed000,0,0,0,0,0,0,1,20211212,20221210
T3+g1000,0,0,0,0,0,0,1,20211212,20221210
T3+h2000,1,0,0,0,0,0,1,20211212,20221210
T3+h9000,0,0,0,0,0,0,1,20211212,20221210
T3+hd000,0,0,0,0,0,0,1,20211212,20221210
T3+k0000,0,0,0,0,0,0,1,20211212,20221210
T3+ka000,1,0,0,0,0,0,1,20211212,20221210
T3+m7000,0,0,0,0,0,0,1,20211212,20221210
T3+mi000,0,0,0,0,0,0,1,20211212,20221210
T3+nc000,0,0,0,0,0,0,1,20211212,20221210
T3+ni000,0,0,0,0,1,0,1,20211212,20221210
T3+p0000,0,0,0,0,0,0,1,20211212,20221210
T3+q0000,1,0,0,0,1,0,0,20211212,20221210
T3+q1000,0,0,0,0,0,1,1,20211212,20221210
T3+q3000,0,0,0,0,0,0,1,20211212,20221210
T3+q9000,0,0,0,0,0,0,1,20211212,20221210
T3+qj000,0,0,0,0,0,0,1,20211212,20221210
T3+sa000,0,0,0,1,0,1,1,20211212,20221210
T3+sc000,0,0,0,0,0,0,1,20211212,20221210
T3+sj000,0,0,0,0,0,0,1,20211212,20221210
T3+u5000,0,0,0,0,0,0,1,20211212,20221210
T3+wb000,0,0,0,0,0,0,1,20211212,20221210
T3+wc000,0,0,0,0,0,0,1,20211212,20221210
T3+x0000,0,0,0,0,0,0,1,20211212,20221210
T3+xa000,1,0,0,0,0,1,1,20211212,20221210
T3+y1000,0,0,0,0,0,0,1,20211212,20221210
T3+y8000,0,0,0,0,0,0,1,20211212,20221210
